153.000000   0.000000 255.000000 
153.000000   0.000000 255.000000 
153.000000   0.000000 255.000000 
153.000000   0.000000 255.000000 
153.000000   0.000000 255.000000 
153.000000   0.000000 255.000000 
153.000000   0.000000 255.000000 
153.000000   0.000000 255.000000 
136.000000  17.000000 255.000000 
136.000000  17.000000 255.000000 
119.000000  34.000000 255.000000 
119.000000  34.000000 255.000000 
119.000000  34.000000 255.000000 
102.000000  51.000000 255.000000 
102.000000  51.000000 255.000000 
 85.000000  68.000000 255.000000 
 85.000000  68.000000 255.000000 
 85.000000  68.000000 255.000000 
 68.000000  85.000000 255.000000 
 68.000000  85.000000 255.000000 
 51.000000 102.000000 255.000000 
 51.000000 102.000000 255.000000 
 51.000000 102.000000 255.000000 
 34.000000 119.000000 255.000000 
 34.000000 119.000000 255.000000 
 17.000000 136.000000 255.000000 
 17.000000 136.000000 255.000000 
 17.000000 136.000000 255.000000 
  0.000000 153.000000 255.000000 
  0.000000 153.000000 255.000000 
 27.000000 164.000000 255.000000 
 27.000000 164.000000 255.000000 
 27.000000 164.000000 255.000000 
 54.000000 175.000000 255.000000 
 54.000000 175.000000 255.000000 
 81.000000 186.000000 255.000000 
 81.000000 186.000000 255.000000 
 81.000000 186.000000 255.000000 
108.000000 197.000000 255.000000 
108.000000 197.000000 255.000000 
134.000000 208.000000 255.000000 
134.000000 208.000000 255.000000 
134.000000 208.000000 255.000000 
161.000000 219.000000 255.000000 
161.000000 219.000000 255.000000 
188.000000 230.000000 255.000000 
188.000000 230.000000 255.000000 
188.000000 230.000000 255.000000 
215.000000 241.000000 255.000000 
241.000000 252.000000 255.000000 
241.000000 252.000000 255.000000 
184.306931 227.524752 145.128713 
231.435644 222.772277 171.485149 
252.742574 216.613861 175.970297 
247.990099 209.485149 156.960396 
243.237624 202.356436 137.950495 
238.108911 195.227723 118.564356 
232.960396 188.099010  99.158416 
227.811881 180.970297  79.752475 
222.663366 173.841584  60.346535 
217.514851 166.712871  40.940594 
199.534653 161.722772  36.148515 
180.128713 156.970297  32.980198 
167.405941 152.514851  30.108911 
165.821782 148.554455  27.732673 
164.237624 144.594059  25.356436 
163.326733 140.633663  22.980198 
162.534653 136.673267  20.603960 
161.613861 132.584158  18.227723 
160.425743 128.227723  15.851485 
159.237624 123.871287  13.475248 
158.049505 119.831683  11.099010 
156.861386 115.871287   8.722772 
155.673267 111.801980   6.237624 
154.485149 107.445545   3.465347 
153.297030 103.089109   0.693069 
155.673267  98.138614  26.435644 
159.237624  92.990099  61.683168 
163.425743  91.584158  91.584158 
169.762376 103.069307 103.069307 
176.099010 114.554455 114.554455 
179.386139 126.039604 126.039604 
181.366337 137.524752 137.524752 
183.762376 149.009901 149.009901 
188.118812 160.495050 160.495050 
192.475248 171.980198 171.980198 
196.574257 183.207921 183.207921 
200.534653 194.297030 194.297030 
205.237624 205.237624 205.237624 
215.138614 215.138614 215.138614 
225.039604 225.039604 225.039604 
232.089109 232.089109 232.089109 
237.237624 237.237624 237.237624 
242.386139 242.386139 242.386139 
247.534653 247.534653 247.534653 
252.683168 252.683168 252.683168 
255.000000 255.000000 255.000000 
255.000000 255.000000 255.000000 
255.000000 255.000000 255.000000 
255.000000 255.000000 255.000000 
255.000000 255.000000 255.000000 
